name	Acinetobacter baumannii	Alcaligenes faecalis	Enterobacter cloacae	Enterobacter xiangfangensis	Escherichia coli	Escherichia fergusonii	Klebsiella pneumoniae	Salmonella enterica	Shigella flexneri	Shigella sonnei	unclassified	other
28099_1#100	0.0	0.0	0.0034020487495680296	0.0	94.90847593587675	0.008236539077901544	0.3369818814045806	0.21916356155111935	3.0098283397823047	0.11763926465611554	1.0532026707873237	0.34306975811433915
28099_1#102	0.0	0.0	0.0025733753758535364	0.0	83.92709949232129	0.025572917797544514	0.2833929632658707	14.252719937145306	0.18994726993018915	0.14153564567194452	1.011577776651926	0.16558062184006417
28099_1#103	0.0	0.0	0.007160077970043089	0.0	93.97516842213255	0.013144620750974624	0.4184905273237125	0.15591871281034128	2.1591375418917993	0.15292644141987552	2.8432990219547225	0.274754633745971
28099_1#104	0.0	0.0	0.001272426517368622	0.0	98.2874956828386	0.011451838656317598	0.009815861705415084	0.2821151364223002	0.09934015596313597	0.046898005925872066	1.052387617472234	0.20922327449876832
28099_1#106	0.0	0.0	0.003811179568185246	0.0	69.34222284210202	0.011352449777573072	1.5698816263843907	26.39282395431774	0.16631338924144554	0.03649001714219917	2.35190323820521	0.12520130326122114
28099_1#107	0.0	0.0	0.0	0.0	98.41038595607529	0.020626010267410795	0.01574090257249771	0.0865206851743495	0.20712856626431472	0.041143462586045745	0.9942822528379762	0.22417216422211084
28099_1#108	0.0	0.0	0.0	0.0	97.84937665122602	0.007708641386994821	0.004029517088656384	1.2367113534271919	0.04660224111228687	0.023826709741620357	0.785230243102518	0.0465146429147012
28099_1#10	0.0	0.0013377568493150684	0.017998910336239102	0.0	97.2588146014944	0.009364297945205479	0.5132121731008717	0.09826432129514322	0.28421252334993774	0.1832726883561644	1.0695974081569117	0.5639253191158105
28099_1#110	0.0	0.0	0.009628552961650702	0.0	96.74360290208683	0.07221414721238026	0.1618416348873203	0.06955093043575349	0.9376571682016013	0.01065286710650716	1.7959299901768273	0.19892180693113914
28099_1#111	0.0	0.0	0.0024378730222755106	0.0	96.60581587853187	0.010416366549722637	0.11136647215394947	0.19791096444473008	0.4539984441937621	0.08177955865633305	2.285173521152981	0.25110092129438044
28099_1#112	0.0	0.0	0.002827954328537594	0.0	97.6566358453311	0.007776874403478383	0.08231367063421925	0.4034884836609889	0.2145205354933518	0.10786625795993394	1.3331784691677229	0.19139190902066616
28099_1#114	0.0	0.0	0.0012338996658599706	0.0	98.06721956339695	0.005100118618887878	0.006827578151091836	0.09476349433804573	0.09723129366976567	0.020153694542379516	1.6190408815637294	0.08842947605329243
28099_1#115	0.0	0.0	0.003165387787933914	0.0	98.13493489542118	0.010054761208731257	0.07196602235508576	0.03342277105494927	0.27194405083985185	0.06191126114635449	0.7993535160941349	0.6132473340917954
28099_1#116	0.0	0.0	0.004926917392018394	0.0	96.08353285908152	0.011928326317518218	0.05238091122040608	0.24496287524526542	0.14607877881598397	0.8799301587850394	2.402347632918723	0.1739115402235285
28099_1#118	0.0	0.0	0.004763609962186792	0.0	97.85177616946625	0.011251975255510182	0.015194273155250978	0.2045888347552983	0.4929514998800884	0.20894178868626206	0.9771149606920047	0.23341688814716122
28099_1#119	0.0	0.0	0.0031011563990700963	0.0	98.26135881597848	0.01185084766787501	0.014730492895582956	0.23015010704527358	0.09004429115871387	0.014730492895582956	1.2785624811023282	0.09547131485709315
28099_1#11	0.004583252621966406	0.0	0.0025942939369621165	0.0	97.27296468992999	0.01694938705481916	0.07073774801450038	0.6286838973904862	0.7398926308215956	0.09330810526607078	0.9768381437308022	0.19344785123278996
28099_1#120	0.0	0.0	0.004572724612232953	0.0	96.5908813774266	0.005487269534679543	0.00416626020225669	0.0162585763990505	0.020729684908789386	0.012193932299287873	3.288398692810458	0.05731148180665002
28099_1#122	0.0	0.0	0.02559912101557808	0.0	96.17727919539118	0.010158381355388128	0.020804365015834887	0.0356762353201231	0.3830928776743971	2.0914888204981508	0.957975995338522	0.297925008390834
28099_1#123	0.0	0.0	0.005484294688235828	0.0	97.08774961407649	0.01078877643587376	0.040817537515722396	0.044323889857381366	0.2977702296301158	0.39100323933012493	1.9583427360516854	0.1637196824143814
28099_1#124	0.0	0.0	0.03857035834994688	0.0	97.1242006746516	0.07236062955396018	0.3184527022739204	0.23455393133322402	0.14826511681956078	0.09692038764858447	1.6233340778181706	0.3433421215510464
28099_1#125	0.0	0.0	0.00409533035540766	0.0	97.53252623059092	0.010350016716393906	0.4443061132857729	0.044899712805651255	0.2200309309132661	0.05726016442379074	1.4891365777781418	0.1973949231306591
28099_1#127	0.0	0.0	0.0038090581173685963	0.0	95.61772292734089	0.0062007922840884135	0.022854348704211578	0.06590556370516827	1.1916151115079618	1.0248137990659834	1.6732395064878003	0.39383889278651907
28099_1#128	0.0	0.0	0.4478783181553962	0.0	75.29393528385971	0.013466382484014725	0.14570819608602986	20.719531098624298	0.9489440031001745	0.04592133307498547	1.744429374152296	0.6401860104631112
28099_1#129	0.0	0.0	0.003763839347755594	0.0	97.6950103071293	0.012811530087552692	0.017516329272247184	0.04277748181776069	0.3078386297308565	0.5256346412192523	1.2218001575022004	0.1728470838930889
28099_1#131	0.0	0.0	0.0033779161972770613	0.0	98.14172385197296	0.008191446778396875	0.07194961500200141	0.02516547566971411	0.29446984449762786	0.04129502551171208	0.7930502752157221	0.6207765491545842
28099_1#132	0.0	0.0	0.004653701173155759	0.0	87.36382635771733	0.0084612748602832	0.21798359358804592	10.495259570759528	0.2770009857385212	0.1505049265772874	1.169559717562645	0.31274987202320403
28099_1#133	0.0	0.0	0.0019838789992520775	0.0	98.20458950567686	0.22536865431503603	0.008629873646746538	0.08510840906791413	0.0972100709633518	0.019838789992520776	1.1250577804758533	0.2322130368624613
28099_1#135	0.0	0.0	0.3197523340200481	0.0	50.98606504970893	0.012188875221063574	1.0653675170214278	24.943149739958198	17.669158032880052	0.09818400714881272	3.589062914786302	1.3170715292551733
28099_1#136	0.0	0.0	0.0	0.0	98.5611733553877	0.006891984621884749	0.013883853078869274	0.06202786159696273	0.2302322399049905	0.044048771279002516	0.8853703143244407	0.19637161980614337
28099_1#137	0.0	0.0	0.0	0.0	97.32803110707644	0.011803339097457196	0.002974825300985147	0.08032028312659897	0.08060816944604915	1.1463633240505988	1.145115816666315	0.2047831352355587
28099_1#139	0.0	0.0	0.003925192654428598	0.0	98.14696774600932	0.01075161466213051	0.007509064208472102	0.03745999076726423	0.22791716478214752	0.12432621081527105	0.9525418608997053	0.4886011552012661
28099_1#140	0.0	0.0	0.003101388673514675	0.0	98.08783346612267	0.008555554961419794	0.011229165886863481	0.1446958232850123	0.7085068952425767	0.034115275408661425	0.8800457722190436	0.12191665820022024
28099_1#141	0.0	0.0	0.003596785231221232	0.0	98.2104100429816	0.013345966252689308	0.008140092891711208	0.2652155846811024	0.273071720844033	0.04391864071806977	0.9887373296141313	0.19356383678545797
28099_1#143	0.0	0.0	0.01490960937716223	0.0	96.91737130194817	0.026426613027784547	0.018927168790170014	0.41550492240307196	0.7985122531098142	0.039639919541676824	1.3089208567579367	0.4597873550442273
28099_1#144	0.0	0.0	0.0047840537919008365	0.0	97.66717576972435	0.008730898170219025	0.018418607098818218	0.12498340531340935	0.12378739186543414	0.02643189720025212	1.5885450616006727	0.43714291523495774
28099_1#145	0.0	0.0	0.00531374622593352	0.0	96.8573982156266	0.00888528057451179	0.13118855436485052	0.09399233078331588	1.3787864797389469	0.1186446288478927	0.9267696081591268	0.4790211556788222
28099_1#147	0.0	0.0	0.023775129902390797	0.0	96.9753935603831	0.07419480193677128	0.045008780401422574	0.1363380725092272	0.1852000636189683	0.39343740828128765	1.6922973498108649	0.4743548331559708
28099_1#148	0.0	0.0	0.0	0.0	81.75943685113853	0.008809815195551362	0.006580825808725113	0.5254046411804727	14.376769260325794	0.024306598551581467	1.1882636278818974	2.110428379917451
28099_1#149	0.0	0.0	0.0031154154857465644	0.0	98.83704819301803	0.009100292603101806	0.005410984791033507	0.017052800553560142	0.09665986467618945	0.012789600415170105	0.92872175322466	0.09010109523248389
28099_1#14	0.0	0.0	0.005373418383148179	0.0	97.29570507553561	0.008011278316693647	0.01270080708744115	0.1357032388035058	0.359628237606699	0.08822175999968736	1.959246041011883	0.13541014325535627
28099_1#151	0.0	0.0	0.002183081987827135	0.0	98.11198337364758	0.014495664399172175	0.19246050804684023	0.0861007535999022	0.042002497445794075	0.004453487255167355	1.4922675235991163	0.05405311001861435
28099_1#152	0.0	0.0	0.0028908446948514056	0.0	97.92806182819012	0.00837348118508683	0.08174112585441906	0.3447083087860745	0.15859772101753747	0.014852960673546878	1.2163478264336847	0.24442590316466806
28099_1#153	0.0021971728244876377	0.0	0.002636607389385165	0.0	93.05620148367757	0.007250670320809205	5.9601974818934655	0.015306970677263875	0.03061394135452775	0.007323909414958791	0.8299454149031302	0.08832634754438118
28099_1#155	0.0	0.0	0.004854671928206337	0.0	98.27199686526899	0.023319763369419728	0.008322294734068007	0.11261105062035771	0.2068437003696486	0.1412189387687165	0.8871046043095616	0.3437281106310479
28099_1#156	0.0	0.0	0.004848403083584361	0.0	98.1724682376898	0.015704609988131953	0.00885360563089318	0.11435907273237027	0.47145449984506194	0.04036822567419153	0.9101295788424122	0.2618137665135549
28099_1#157	0.0	0.0	0.005915809578540824	0.0	96.07393071741868	0.04462210653527936	0.5117175285437812	0.20130654880120344	0.5122245979362275	0.2705215208701311	1.3973142224513424	0.9824469478648155
28099_1#159	0.0	0.0	0.0034726220306797017	0.0	97.46516868718437	0.007219398432202538	0.022297888828574926	0.14603289486910956	0.3675496265103621	0.02083573218407821	1.5219222973405198	0.44550085262008565
28099_1#160	0.0	0.0	0.0	0.0	97.28703397481637	0.016801843523793217	0.03796365910122898	0.1342020666267534	0.2576637142920947	0.3585811162166502	1.7025159165565154	0.20523770886659065
28099_1#161	0.0	0.0	0.011707750616366069	0.0	93.97127755487475	0.020509928087064644	0.008887635504394678	0.24133348715779396	0.6686236556383074	2.2389150248041942	2.237974986433537	0.6007699768835835
28099_1#163	0.0	0.0	0.004208518040514001	0.0	98.10789980096185	0.010727595005231766	0.008334516119449294	0.1289786999475173	0.5180603187911156	0.04645873836881141	0.9143211742920612	0.26101063847345074
28099_1#164	0.0	0.0	0.0039082458267560415	0.0	95.35967300374429	0.014775075686516741	0.2763415768723357	0.06453371767594732	2.268212425552683	0.37929049133322656	1.2475883263556846	0.385677136952566
28099_1#165	0.0	0.0	0.0	0.0	98.98268606274198	0.00456706593606298	0.0034252994520472344	0.04605124818863505	0.049286253226679656	0.04662213143064292	0.8047550768170976	0.06260686220686296
28099_1#167	0.0	0.0	0.05376924850421528	0.0	91.39103544900951	0.020395232191254074	0.5955730254110083	2.8350178881502894	0.4244304248496154	0.15445559240491227	4.116048065032576	0.4092750744466258
28099_1#168	0.0	0.0	0.004354399513117375	0.0	98.16983575812627	0.013873319379001872	0.04597435765012299	0.10875872272297818	0.35645316944588745	0.179745561297287	0.8814114735389218	0.239593238326421
28099_1#169	0.0	0.0	0.0046064056677215335	0.0	96.54749895204272	0.017320085310632966	0.02515097494575957	0.07361036257019012	0.8463809773871546	0.9376799377213955	1.3379765902463967	0.20977571410803364
28099_1#171	0.0	0.0	0.0026688150627922147	0.0	94.24661852791498	0.005838032949857969	0.0030024169456412415	0.016513293201026825	2.0961874308818595	0.013510876255385586	3.0492880101815296	0.5663725966069535
28099_1#172	0.0	0.0	0.0	0.0	98.28057957221667	0.00524244281704681	0.0064522373132883835	0.07379746427073587	0.06674032970932671	0.021171403684227506	1.4519550279059263	0.09406152208278229
28099_1#173	0.0	0.0	0.003146389602968151	0.0	96.69144377614374	0.013010746196057488	0.10910318542184155	0.09490191343006639	0.5232360872179198	0.06403328029824372	2.271353143115657	0.22977147857348257
28099_1#175	0.0	0.0	0.02248529507590393	0.0	99.035885613174	0.006516146736282364	0.002110864435697104	0.03423271454413129	0.03313139396898498	0.004588835729776313	0.7527526131125064	0.10829652322270533
28099_1#176	0.0	0.0	0.0	0.0	90.5875061776983	0.019791253170841492	0.19180551644426952	7.8201461386134135	0.18445447955224267	0.04964777223999665	0.9973660669351492	0.14928259534579524
28099_1#177	0.0	0.0	0.0015533377344569145	0.0	90.13583938487825	0.012426701875655316	0.9094792435245234	0.14096539940196495	6.319521571977788	0.06213350937827657	2.244184691856627	0.17389615937244685
28099_1#179	0.0	0.0	0.004760914793907933	0.0	95.23122969668212	0.011029452605886713	0.43125953174816034	0.16258524021195594	0.8614081833777422	0.12203811588384003	2.9247886550574402	0.25090020963894233
28099_1#180	0.0	0.0	0.021799773519095025	0.0	68.45750326503395	0.01874188673587355	0.03570822630729592	0.9708297329182498	28.39238014070225	0.09203252802405275	1.6193976554886107	0.39160679127063247
28099_1#181	0.0	0.0	0.004054951349031627	0.0	90.07643583292925	0.015290545711973427	0.004646298420765406	0.20638012803508884	7.2629247350342725	0.5252851560058053	1.6951386202014296	0.20984373231236475
28099_1#183	0.0	0.0	0.003672911704835021	0.0	74.22089380714438	0.007917165230422156	0.005386937167091364	0.3549665112072779	18.279836694183576	0.10512689501838905	1.725370678411278	5.29682839993275
28099_1#185	0.0	0.0	0.0	0.0	98.85528866757821	0.004489704291749148	0.004163180343258301	0.018530234076855574	0.06497826574967858	0.10440603252994836	0.8776147425562743	0.07052917287403204
28099_1#187	0.0	0.0	0.0033944750290073322	0.0	98.32073777371812	0.011572073962524996	0.010029130767521661	0.09535388945120597	0.40378823413237214	0.05546880786036981	0.9008473844026958	0.19880823067617825
28099_1#188	0.0	0.0	0.0	0.0	99.05486985715038	0.00419542092122517	0.0029457210723495874	0.03186734614632736	0.01642462658522194	0.0	0.8291758497289491	0.060521178395546826
28099_1#189	0.0	0.0	0.11651998023087975	0.020783760518710292	84.97383209994534	0.13116680358855354	0.3863815636588583	0.7464970362684804	7.735241075256852	0.41444782294199856	5.121151322141742	0.35397853544859004
28099_1#18	0.0	0.0	0.004725545067995868	0.0	97.33148470010273	0.00822244841831281	0.00822244841831281	0.23438703537259506	0.13486705624060208	0.033456859081410745	1.8078045212124991	0.43682938608552035
28099_1#191	0.0	0.0	0.007654546127472586	0.0	96.3953817010925	0.14947393921449215	0.34319283736360606	0.12154746323294383	0.21912189738534163	0.055348256614032545	2.3166357680958516	0.39164359087376965
28099_1#192	0.0	0.0	0.05015723285519329	0.0	92.83729780065808	0.2658429244256134	0.1985190669412048	0.5050248340639538	0.7672234471157673	0.21635701208664637	2.8861987051186273	2.2733789767349037
28099_1#193	0.0	0.0	0.007923720979371912	0.0	92.7481945521617	0.011685487504932316	0.3904233428017797	0.15663355511748317	2.4396256482043968	0.11205261991030988	3.810429377635738	0.32303169568426426
28099_1#195	0.0	0.0	0.0026194966756205827	0.0	98.8983032011837	0.0072234605297416075	0.005874022848361306	0.019130263600744254	0.18399979679056094	0.05969277272929327	0.6992468550164156	0.12391013062557477
28099_1#196	0.031147539392904378	0.0	0.005142740148984212	0.0	96.40076112554205	0.008441856470974084	1.8101474996094429	0.01804810693794459	0.28207444553013405	0.03134160505890378	1.1028751798746141	0.31001990143406033
28099_1#197	0.0	0.0	0.006739290545256743	0.0	97.05127155971253	0.04033946769232251	0.4238050997174312	0.07913852611715776	0.761443556034794	0.031000736508181016	1.3053043030370133	0.3009574606353169
28099_1#199	0.0	0.0	0.0021216963989336766	0.0	95.54943381504967	0.05578008274615956	0.06392465924529206	1.4734154863304576	0.2671284208076819	0.10314182171590484	2.2687778686533044	0.21627614905260373
28099_1#19	0.0	0.0	0.0025543331377757853	0.0	98.38640303751409	0.0046142792166272255	0.13216614041910837	0.04103412589072069	0.2712536996631576	0.003048720196700131	0.9249157894042965	0.23400987455751476
28099_1#1	0.0	0.0	0.00389764571664537	0.0	98.01357012760049	0.020541646344482356	0.005267088806277527	0.1437915244113765	0.21995362855014955	0.031497191061539614	1.4078928379179831	0.15358830959107195
28099_1#200	0.0	0.0	0.005632358482137655	0.0	97.77249932994356	0.21111633345115968	0.0266080383466503	0.0561293655633718	0.25559254353424665	0.08807843350515264	1.1947397656161995	0.38960383155753675
28099_1#201	0.0	0.0	0.028232041717424758	0.014207683331820903	45.76166473717161	43.844635774579984	0.5606993480048288	0.3836991124322729	4.0888796004249475	0.07003012945491077	4.162667891277307	1.0852836816049063
28099_1#203	0.0	0.0	0.002345378807994726	0.0	76.812496178289	0.008460116414552405	0.968306393586394	19.88127357419815	0.3870712668479868	0.4581027393186842	1.2038494367321502	0.2780949158050845
28099_1#204	0.0	0.0	0.007830233259006817	0.0	94.07287761982761	0.016115712637723333	0.47318281682626073	0.13757537737627093	3.5333472335148555	0.08831774722368153	1.1357480194517562	0.5350052398828353
28099_1#205	0.0	0.0	0.007475773325009246	0.0	95.66158605688744	0.07276949566365382	0.9144302307548542	0.2886125680474314	0.11460201448232259	0.012088484525546865	2.5090763045820923	0.419359071731634
28099_1#207	0.0	0.0	0.020739015340531915	0.0	94.24759486288251	0.01865605746790207	1.1027903484788522	0.10324225977382699	3.171529769543352	0.19299057506844328	0.9034603364067528	0.2389967750378048
28099_1#208	0.0	0.0	0.0063945071183853066	0.0	98.23551569202056	0.015486696927339417	0.006594335465834848	0.12519245967713732	0.3555945442864579	0.04376240809144945	0.9471863669108236	0.26427298950200395
28099_1#209	0.0	0.0	0.002242990009204886	0.0	45.07271169727917	0.008195540418248621	3.2384462290593157	45.124473005183894	0.07367359491772972	0.013975553134276597	6.361896085723627	0.10438530427452974
28099_1#211	0.0	0.0	0.3701528043316452	0.0	59.905737824545014	0.010216144427093215	0.34351785636100934	21.298289525533065	14.506286577445671	0.12350588887753762	2.364398925845386	1.0778944526335863
28099_1#212	0.0	0.0	0.0023267883138574407	0.0	93.70502596392264	0.053414966509422984	0.08659699115921606	2.412778316760868	0.23065553719978107	0.03034941278944488	2.964024817726485	0.514827205618289
28099_1#213	0.0	0.0	0.0040023480441859225	0.0	98.10565055308639	0.21984326042706961	0.010101164111516852	0.03459172238189262	0.07185167679324252	0.014294100157806865	1.3060042844182873	0.23366089057959982
28099_1#214	0.0	0.0	0.0037012206457452367	0.0	78.4024522269151	0.0063930174790145	0.07982859983664159	0.22476503557798347	12.54259558192021	3.845568250929301	2.8521269821508635	2.0425690845451356
28099_1#216	0.0	0.0	0.00298721719973281	0.0	84.49932995058644	0.0387508453409784	0.13268223062146564	3.262953942919258	6.962456488277247	0.04065934521858547	4.347977612466654	0.7122023673696418
28099_1#217	0.0	0.0	0.0032675871253534734	0.0	98.13235317494662	0.011657337852612392	0.0086546902239092	0.16276116410882302	0.4981745668680796	0.045834532920498716	0.8978799541478044	0.2394169918063085
28099_1#218	0.0	0.0	0.023970201538222595	0.0	89.84686901586612	0.015621030215920345	0.07191060461466779	0.19678907030630685	0.31206150017551215	5.910943968082824	2.6347470964185646	0.987087512781855
28099_1#220	0.0	0.0	0.004269289089758123	0.0	98.32813167076421	0.014574469651243245	0.009863529965992903	0.10857243805850397	0.46042074580063885	0.03658339099327219	0.8703461068500007	0.16723835882638127
28099_1#221	0.0	0.0	0.014557315209124273	0.0	93.86915505333991	0.02004268036038849	0.012236583798974025	0.030064020540582735	0.8260748942221172	2.6852972171265757	1.9613345049510695	0.5812377304512637
28099_1#222	0.0	0.0	0.0	0.0	97.9282166924337	0.006646906480487637	0.008041936235651708	0.03594253133893315	0.07369039530219627	0.016904478209635226	1.2291853354472138	0.7013717245521889
28099_1#224	0.0	0.0	0.0	0.0	98.66300358511349	0.01752155108255117	0.0021264018304066956	0.2049000803779892	0.28170571449227905	0.020923794011201886	0.7495991732549684	0.060219699837134044
28099_1#225	0.0	0.0	0.014519350771500648	0.0	95.04014707248251	0.02124522649653404	0.01227739219648952	0.04152961360377759	0.570845357170691	1.8011468151910843	1.9336358909810276	0.5646532811063878
28099_1#226	0.0	0.0	0.028217340306967927	0.0	91.9048791788587	0.015360918983674851	0.07396616423660823	0.22014534434755748	0.19109317148712895	4.384123154498287	2.2815973686077915	0.9006173586732871
28099_1#228	0.0	0.0	0.014091887916646484	0.0	97.30034657236844	0.026950735640586396	0.00845513274998789	0.24845759883037327	0.6655774811631092	0.2182481141090624	1.1127306996181978	0.40514177760360326
28099_1#229	0.0	0.0	0.33284901708246056	0.0	50.811038743772265	0.011550255068132755	0.3322073362453421	24.228401710537774	19.76624483790684	0.09790216200607764	3.025525147013663	1.3942807903674321
28099_1#22	0.0	0.0	0.0	0.0	98.27348197842805	0.005313288534625098	0.1514788486003495	0.04431082136423194	0.279799779247899	0.020050145413679613	0.996792979241082	0.22877215917009153
28099_1#230	0.0	0.0	0.0037755866789750793	0.0	81.59769613700848	0.011515539370873991	0.25692867350425413	16.624380095862147	0.2074684880096806	0.02435253407938926	1.1139868496315972	0.15989609585460585
28099_1#232	0.0	0.0	0.0	0.0	99.11010216906327	0.0055635715575629	0.0029185949154428327	0.01249523448173963	0.06338823331977403	0.005381159375347723	0.7457922069867514	0.054358830300131444
28099_1#233	0.0	0.0	0.0059739878393908555	0.0	63.93857930468857	0.020959584453456054	0.009214116837026574	0.2742971704560988	31.60107936797234	0.1587663208841502	1.6430491638948375	2.3480809829741105
28099_1#234	0.0	0.0	0.0027250009216914883	0.0	96.35803626815932	0.034703688208600425	0.034543394036736216	0.8473149924741886	0.5567818059703167	0.10330959376648025	1.802187374269259	0.2603978821934163
28099_1#236	0.0	0.0	0.01195812662659587	0.0	95.82545121167378	0.025577104173552277	0.019016743038128153	0.3636433090129397	0.5720800995181872	0.07058616411532284	1.3764302002487956	1.7352570415927033
28099_1#237	0.0	0.0	0.0	0.0	99.1909467162916	0.0046199421493097696	0.002929719411757415	0.016564182828013075	0.03786098932117274	0.005296031244330712	0.6908503735955658	0.05093204515824823
28099_1#238	0.0	0.0	0.0031833025171964656	0.0	97.56892955263105	0.01246793485901949	0.3088687692379793	0.07082848100762136	0.45591966051847155	0.048633788457168224	1.227516820658926	0.30365169011257365
28099_1#23	0.0	0.0	0.0060269890545926645	0.0	97.30198376862685	0.005631776657570194	0.006422201451615134	0.19780380470974615	0.20076789768741465	0.019859422950379107	1.8488035932711138	0.4127005455907238
28099_1#240	0.0	0.0	0.03804777490686872	0.0	83.37647493602827	0.04724785162615254	0.05457672630083628	13.291459989801949	0.5010923141935353	0.28286337574204856	1.1833013929539888	1.2249356384463255
28099_1#241	0.0	0.0	0.0	0.0	96.66878357929095	0.006689946423893851	0.004240106888383426	0.26203860570209575	0.05681743230433791	0.01055315492219875	2.9193607049507486	0.07151646951740531
28099_1#242	0.0	0.0	0.28471579724303364	0.0	49.365511449420694	0.011554184382364177	0.314980862304301	27.78953794471754	16.424445550043846	0.09614116109206013	4.293845327410233	1.4192677233859285
28099_1#244	0.0	0.0	0.011465493958958628	0.0	63.44163553997381	0.020722818711006705	0.041615496591775755	0.23703847140335949	33.69870040749215	0.08577888072998677	1.9756320035058932	0.48741088763306095
28099_1#245	0.0	0.0	0.0	0.0	99.037465290729	0.0058398230721990515	0.002637339451960862	0.021475478394538446	0.05613765404888121	0.013563460038655863	0.7860213473790498	0.07685960688571924
28099_1#246	0.0	0.0	0.00590690085666027	0.0	94.6993547109929	0.00949893516138611	0.3728531608305422	0.17792543256075327	2.7940439281848573	0.19676365691442657	1.1184796595070772	0.6251736149913825
28099_1#248	0.0	0.0	0.007182217176402177	0.0	95.05725005884226	0.01782574383540781	0.21685103908510667	0.3491595940576239	2.0658825646918744	0.06109211236795105	1.6151335373198388	0.6096231326235539
28099_1#249	0.0	0.0	0.003667602079844745	0.0	97.60306485787518	0.007439992790542198	0.011002806239534235	0.14544661962355734	0.19071530815192675	0.016242237782169586	1.586919025633395	0.4355015498238686
28099_1#250	0.0	0.0	0.00242222567458985	0.0	98.72006254353742	0.005679701581796891	0.017707304931484424	0.06005449172517594	0.12603926010193395	0.025892757211132884	0.9571132415560377	0.08502847368040989
28099_1#252	0.0	0.0	0.004198924907266743	0.0	98.09352013510461	0.005794516372028106	0.008061935821952148	0.3615274345156666	0.23875087022718705	0.031072044313773903	0.9955650955129449	0.2615090432245495
28099_1#253	0.0	0.0	0.0	0.0	98.9117805287238	0.006084834178610166	0.0	0.15588765657582235	0.035929497054650504	0.004636064136083936	0.8313042504015508	0.054377168929491404
28099_1#254	0.0	0.0	0.0031562169583537174	0.0	94.35471144286458	0.004339798317736361	0.004734325437530575	0.0178326258146985	0.03534962993356163	4.591822241860905	0.6945255416857355	0.2935281771268876
28099_1#256	0.0	0.0	0.004092814352610192	0.0	96.15942757542567	0.01583741206010031	0.006228195753972032	0.1267882707058592	2.5839894440979396	0.03407712819673269	0.8925894257692489	0.1769697336378897
28099_1#257	0.0	0.0	0.0	0.0	98.22657567991968	0.004767269677635279	0.05681807125997965	0.12151673117074414	0.41990889650354823	0.006226637946299139	0.9147320307985078	0.24945468272362348
28099_1#258	0.0	0.0	0.014361757645339736	0.0	94.54044462999687	0.019872664648784052	0.10545872038409351	0.3608809101346415	0.7824652958981317	0.08566955432627074	3.568479281912118	0.5223671850537386
28099_1#260	0.0	0.0	0.0	0.0	98.99096588241859	0.004431707389133454	0.07977073300440217	0.01764476090117949	0.035699865079130595	0.06516251235133262	0.7641412500041034	0.04218328885212941
28099_1#261	0.0	0.0	0.005157192295584477	0.0	70.56930030867944	0.008380437480324774	0.023099923823972135	0.6186481924578211	20.207705919704665	0.5904985178444225	7.6920597503704045	0.2851497573433619
28099_1#262	0.0	0.0	0.003813737080965638	0.0	95.58278442760346	0.12285681596539307	0.1720721849626163	0.5353760435565096	0.080724101547106	0.2534319093565499	3.0139419331288444	0.2349988467985611
28099_1#264	0.0	0.0	0.02858530102393377	0.0	92.84257204738697	0.01251124769453333	0.07457035049721852	0.4288623713040034	0.2430993426209324	3.2036251133055047	2.3427518447876152	0.823422381379288
28099_1#265	0.0	0.0	0.0	0.0	93.59112625134063	0.015122542338144026	0.06695704601033507	5.026752971281098	0.21877941185249156	0.03402572026082406	0.9591870439608327	0.08804901295563639
28099_1#266	0.0	0.0	0.0036749058625858686	0.0	98.19673223952182	0.011024717587757606	0.07264348798134856	0.029741098608834473	0.20553833952369804	0.06537913918321372	0.8023259590222357	0.6129401127085146
28099_1#268	0.0	0.0	0.005228562309245268	0.0	98.1918538999222	0.016856260579059375	0.007179518394784548	0.12595372488241588	0.4243719677265041	0.05806045310564895	0.8795690416045286	0.29092657147562306
28099_1#269	0.0	0.0	0.008079012744642605	0.0	94.57879009089851	0.07203786363972989	0.34951347992894316	0.09646725931995871	2.223748257962877	0.01000258720765275	2.454865729693546	0.20649571860413118
28099_1#26	0.0	0.0	0.004713165327556421	0.0	97.64890174678477	0.006941207118764911	0.008226615844462116	0.1409664902514602	0.37568212356377	0.030592727671593493	1.5885937971316533	0.1953821263059723
28099_1#270	0.0	0.0	0.0	0.0	99.18587823063203	0.006828064343681459	0.0013323052377915041	0.016237470085583957	0.03480647433730305	0.004912875564356172	0.6868866191588824	0.06311796064036912
28099_1#272	0.0	0.0	0.0	0.0	98.85038080868111	0.005223595580666873	0.003596574006360798	0.1436916948255576	0.059343471104953166	0.005823024581727006	0.8274689196062951	0.1044719116133308
28099_1#273	0.0	0.0	0.3801840539733361	0.0	60.91626304766816	0.01400531645522658	0.1420009237943834	21.94493962873854	13.602686794748841	0.04776647665193171	1.9841174146371325	0.9680363433324715
28099_1#274	0.0	0.0	0.007262977540773306	0.0	96.27435503884381	0.00428778192166135	0.06632936115549597	0.34766035866858247	0.29410683752456723	0.02651424331149773	2.0178826757859327	0.9616007252476919
28099_1#276	0.0	0.0	0.0029112706010701217	0.0	83.94441924748251	0.007278176502675304	0.07408417555881072	0.2563450376626481	8.653828474065175	3.9418603938489447	1.6645572723539614	1.454715951924186
28099_1#277	0.0	0.0	0.0033849896863595496	0.0	94.2516528269953	0.015126672660919235	0.002115618553974718	4.4361347649018885	0.04146612365790448	0.004125456180250701	1.1752261067329561	0.07076744063047613
28099_1#278	0.0	0.0	0.053601212185342244	0.0	80.20831616735721	0.018214004140650275	0.09237102099901211	0.23600145365099712	16.473872878393767	0.04197894287654635	2.486298298551813	0.3893460218446734
28099_1#27	0.0	0.0	0.008052128781546621	0.0	95.09424053984273	0.07868330189793928	0.19115053542280241	0.07658274656362275	1.4955078748944253	0.01067782294944226	2.7213569587459685	0.32374809090151757
28099_1#280	0.0	0.0	0.004364751583869525	0.0	90.21957994619002	0.00807067273998516	0.024706141040770898	0.10705994451000722	6.671893388060181	0.09429510497227558	1.7677243914671577	1.1023056594357286
28099_1#281	0.0	0.0	0.0041710389399414296	0.0	97.47059417547341	0.09428743287920233	0.03468548171109189	0.6865749623508854	0.06816355741325338	0.27517880585350435	1.0736034703043982	0.2927410750743178
28099_1#282	0.0	0.0	0.0	0.0	69.61563522337003	0.02731888091004113	0.5133743738716114	27.883160030950087	0.21855104728032904	0.05048054081203253	1.02360962167592	0.6678702811299502
28099_1#284	0.0	0.0	0.09889727219965178	0.0	93.92981234281292	0.033043141806925906	0.15244728187270265	0.5207970593925324	1.955503965950861	0.08999806538982395	2.1783710582317664	1.0411298123428168
28099_1#285	0.0	0.0	0.00532643355325358	0.0	96.45935572688917	0.014750123685932991	0.47425744906853995	0.06463422254044247	1.2611355751472708	0.18079144656716478	1.0337378349891373	0.5060111875590962
28099_1#286	0.0	0.0	0.007289721255321695	0.0	91.40533940387512	0.011489234587191801	0.3990330026282614	0.224872053506554	1.4668979304322882	0.22106872067769054	5.737406808441181	0.5266031245964058
28099_1#288	0.0	0.0	0.007616201767769044	0.0	98.09910947155713	0.008264389152260026	0.010857138690223957	0.10630273105652113	0.38186339288825005	0.04399571872232544	1.145104038126382	0.19688691803914082
28099_1#289	0.0	0.0	0.003613021328869245	0.0	94.83960192533893	0.01214376613314385	0.10829027816249764	3.413903708967118	0.13428395938964027	0.3382189410635932	0.958755354296886	0.19118904531933367
28099_1#290	0.0	0.0	0.011993035022367461	0.0	93.42439022630768	0.011181476261455377	0.035528239088817894	0.215243418033016	0.39081062997699684	3.456518935920222	1.7799287090715137	0.6744053303179243
28099_1#292	0.0	0.0	0.006494535086329795	0.0	0.25851417709488356	0.0	96.48994139078093	0.030888642483763662	0.0	0.0	2.290274037699984	0.9238872168541121
28099_1#293	0.0	0.0	0.009900125827405678	0.0	97.81452061035873	0.09335925108209439	0.19906704620697435	0.06514921512228253	0.06749118037177634	0.013838885565190733	1.4958770766312321	0.24079660883433007
28099_1#294	0.0	0.0	0.0	0.0	94.12843814686303	0.006049798215961043	0.10414960313323704	0.022710011764530684	0.8736839362034817	0.0035368051108695332	4.0720726422540245	0.7893590564548703
28099_1#296	0.31095198738494156	10.533432205564571	0.003628068151047981	0.0	69.1307148710089	0.048315249035907254	0.06663256872534462	0.07291532088935454	0.23608989821941495	0.10017007675576375	10.97437522011755	8.522774534147189
28099_1#297	0.0	0.0	0.005519050808169469	0.0	97.33100825628775	0.009446067729366976	0.0039270169211975065	0.13595969394740556	0.7954862655236572	0.44481426801996626	1.0473460264426215	0.2264933543198424
28099_1#298	0.0	0.0	0.0032458710202143575	0.0	98.70786511643867	0.005749828664379719	0.009552134716630823	0.1658176395469506	0.09533586882229599	0.013261701596875803	0.871562738513558	0.12760910068043074
28099_1#2	0.0	0.0	0.0	0.0	97.19773709328163	0.00734480125233286	0.3130832148283573	0.22468012505630278	0.31945460868580267	0.025220100685721263	1.7643451490242477	0.1481349071856073
28099_1#300	0.0	0.0	0.0018710222067883679	0.0	98.1929667526838	0.005613066620365104	0.005014339514192826	0.14107507439184294	0.35631746906077677	0.0037420444135767357	1.2294112716365009	0.063988959472141
28099_1#301	0.0	0.0	0.003575127931604904	0.0	82.53511355379311	0.007923256497070328	0.284077732943741	15.505233214291236	0.2153773016093873	0.027634772660513583	1.2230802529258074	0.19798478734750802
28099_1#302	0.0	0.0	0.03254396043868879	0.0	95.75268108152216	0.013283249158648485	0.05787701419125412	0.13985363757034192	0.1751491281918936	1.4022367093976142	1.7483602303315404	0.6780149891978624
28099_1#303	0.0	0.0	0.0264662577795442	0.0	91.5997181750025	0.015084863649091746	0.06332029591624738	0.2444289882301932	0.4751280406839676	4.329265538764487	2.388828168047188	0.8577596719267859
28099_1#305	0.0	0.0	0.008242830419745112	0.0	97.49485243651338	0.07889566258898892	0.33534862126044657	0.1300348553972035	0.06955939548091028	0.01842020267269571	1.6457063264564575	0.21893966921015817
28099_1#306	0.0	0.0	0.020344292586480524	0.0	93.96278179561097	0.027257401717808858	1.082494131264141	0.043058794017987914	3.576743905847404	0.08730269245848925	0.9194435144666684	0.28057347203005634
28099_1#307	0.0	0.0	0.0013610332964786866	0.0	98.5094283580094	0.010888266371829493	0.007045348828830848	0.04963768493039916	0.10303822662165116	0.039229783251444494	1.0797797688004733	0.19959152988948858
28099_1#309	0.0	0.0	0.007544927686583704	0.0	96.84725765456493	0.07676963921098919	0.5785073303688054	0.15693449588094105	0.06224565341431556	0.007827862474830593	2.002423808019315	0.2604886283792922
28099_1#30	0.0	0.0	0.004305026906418165	0.0	98.35768473552959	0.012390077437983987	0.00724504528153301	0.10815067594172464	0.3039768998556241	0.03832523953274708	0.928205801286258	0.2397164982281197
28099_1#310	0.0	0.0	7.1230792772486575	81.87793825763626	0.950965094420759	0.0	0.4341556638493646	1.4370585981697774	0.0	0.0	2.4777141989118743	5.699088909763304
28099_1#311	0.0	0.0	0.0	0.0	96.40741711497616	0.014288632122072254	0.026561076889496278	0.11860441264517645	0.43453220508657775	1.1600966718006394	1.6343390017418105	0.2041608847380587
28099_1#313	0.0	0.0	0.0009888857482610032	0.0	98.17550579445845	0.0155749505351108	0.03642395839428028	0.11808943977150146	0.10037190344849183	0.02735917236855442	1.2599228504302067	0.26576304484517266
28099_1#314	0.0	0.0	0.004506107183391991	0.010795881793543311	97.63898759036857	0.018587692131491963	0.0074163014059993185	0.05482430406460255	1.0190373640775015	0.05210186430796989	0.8848867981386023	0.30885609652831647
28099_1#315	0.0	0.0	0.0038710145023028416	0.0	57.53167642931033	0.008071477047354862	5.0448378786181625	8.75829385447621	25.367499291686705	0.05205279075437013	3.1463111702653377	0.08738609333923364
28099_1#317	0.0	0.0	0.004927607395906455	0.0	87.38229934263988	0.008299128245737187	0.3244440448567881	10.381863638406982	0.3526265011912707	0.11817612824919516	1.3112622628264756	0.11610134618776158
28099_1#318	0.0	0.0	0.004604592717715444	0.0	97.93144730831263	0.007997450509716297	0.005573980658287116	0.29929852665150386	0.42883299021039356	0.034655618875437284	1.0380933108596895	0.24949622120462323
28099_1#319	0.0	0.0	0.0011253829316386138	0.0	98.35436861596388	0.003938840260735149	0.006189606124012376	0.07194412312975425	0.06808566736413613	0.013986902150365629	1.4215997961449205	0.05876106593058239
28099_1#31	0.0	0.0	0.006035168573231284	0.0	93.11489158250743	0.0199082184103993	0.015283868464676628	1.0400084649117651	0.8180396675170768	2.686198666776397	2.0912251000309596	0.20840926280808958
28099_1#321	0.0	0.0	0.004778645046754082	0.0	98.06041108970238	0.2235143598283655	0.01388511956981375	0.03426198335408588	0.07050755521814515	0.015237566281159246	1.353708994942751	0.22369468605653253
28099_1#322	0.0	0.0	0.00267197366819431	0.0	95.51029254153187	0.006333567213497623	0.004750175410123217	0.03800140328098574	0.058981344675696615	3.498801075518882	0.783581018694909	0.09658690000583192
28099_1#323	0.0	0.0	0.0023558542164916294	0.0	98.75099108349798	0.006173962774253925	0.007392508058646148	0.029894977643755847	0.08131758864510763	0.03834355828220859	1.0292645835499636	0.05426588333159543
28099_1#325	0.0	0.0	0.0	0.0	99.04022585180556	0.006081610410436684	0.003120826394829351	0.019605191454697204	0.058095383657592536	0.01968521264430821	0.790609353356769	0.06257657027582297
28099_1#326	0.0	0.0	0.0036704854109000464	0.0	98.51917504760836	0.017704694334929633	0.005829594476135368	0.04922768668736533	0.21375179745829678	0.040807161332947574	0.8875017812649788	0.2623317514261032
28099_1#327	0.0	0.0	0.004300901845355698	0.0	97.73405194234999	0.014873952215188455	0.07884986716485447	0.3306318293617193	0.21907718774780588	0.3374415906168658	1.0582010582010581	0.22257167049717452
28099_1#329	0.0	0.0	0.004407384092984307	0.0	91.97721957300114	0.018012787162631515	1.0903484995252481	3.843334741779989	1.9876344132382489	0.034396758464812306	0.8933575931083843	0.1512882496265604
28099_1#330	0.0	0.0	0.004359729181550023	0.0	97.50692850143227	0.00475606819805457	0.011592916232758014	0.11602824708170628	0.22690408694885345	0.0513259026373389	1.5602876232242773	0.517816925063201
28099_1#331	0.0	0.0	0.003934768383280655	0.0	97.79644416691971	0.013001843353449123	0.005388921916232203	0.06338398634806448	0.3632817679085423	0.4367592905441528	1.094464379653826	0.22334087497273458
28099_1#333	0.0	0.0	0.0	0.0	99.12021847081253	0.008477648769207737	0.0027056325859173627	0.024350693273256264	0.03481247260547007	0.03751810519138743	0.7206903331355216	0.05122664362671969
28099_1#334	0.0	0.0	0.0029641251927916426	0.0	98.06986047862718	0.012152913290445736	0.037249173256081645	0.12241837046229485	0.6124870690038465	0.03942286506412885	0.855347726466575	0.24809727863666353
28099_1#335	0.0	0.0	0.005344197493036956	0.0	93.7846092456398	0.06644618883009282	2.4884364926744413	0.1366333159053115	0.47189263863516323	0.011935374401115868	2.6862608698750257	0.34844167654600255
28099_1#337	0.0	0.0	0.004698886444927836	0.0	97.67518542373018	0.011018078560520441	0.011018078560520441	0.13942730296070352	0.4122057626171178	0.04747495615047779	1.5303787059428762	0.1685928050326595
28099_1#338	0.0	0.0	0.005164831921612608	0.0	98.19325747003343	0.01697016202815571	0.011278306441072429	0.1006615201048988	0.42815402582837575	0.02803765900303987	0.9335697210147524	0.28290630362465663
28099_1#339	0.0	0.0	0.030815786813451988	0.0	94.61538963219972	0.015815509634417156	0.07304482800225656	0.27220611685215923	0.4820469508675704	1.9471011964351514	1.858974568008322	0.7046054111869466
28099_1#341	0.0	0.002858926722019177	0.003227820492602297	0.0	96.75069144526124	0.016692443118886163	0.024254765415840113	0.1440530174127082	0.39831304878712337	0.4523559861775504	1.9915652439356168	0.21598730267642452
28099_1#342	0.0	0.0	0.0	0.0	98.41981793391597	0.008775816418482298	0.004280886057796243	0.6333570922509542	0.07619977182877312	0.0	0.8095155535292695	0.04805294599877641
28099_1#343	0.0	0.0	0.03589813418121308	0.0	96.5390131373024	0.015738590847921004	0.07126575406418162	0.2900144830403421	0.23342629122759243	0.33891021752854605	1.912857721370354	0.5628756704374496
28099_1#345	0.0	0.0	0.0030680010635737017	0.0	69.51107076383786	0.008417336251343234	0.32646677984181705	0.04436801538091199	25.799292943754885	0.03838934664164017	3.601282581777962	0.667644231449998
28099_1#346	0.0	0.0	0.0033508750278899053	0.0	93.97725164499359	0.009480524469151926	0.12030458636716927	4.493768598378013	0.060724393798102426	0.041763344859798573	1.128264140488296	0.16509189161799043
28099_1#347	0.0	0.0	0.005469581314205427	0.0	97.13124011746103	0.014988073471394088	0.033172655503038107	0.1846161277353234	0.2979856313388541	0.052280673340976545	1.5530059256165356	0.7272412142186369
28099_1#349	0.0	0.0	0.01595688980271633	0.0	80.27886327106269	0.01894880664072564	5.645580855721459	0.38404576967891746	10.669424770744373	0.11942734711720501	2.625490134154227	0.24226215507766824
